#chr	1mer	2mer	3mer	4mer	5mer	6mer
chr1	20	22	28	28	32	34
chr2	20	22	28	28	32	34
chr3	20	22	28	28	32	34
chr4	20	22	28	28	32	34
chr5	20	22	28	28	32	34
chr6	20	22	28	28	32	34
chr7	20	22	28	28	32	34
chr8	20	22	28	28	32	34
chr9	20	22	28	28	32	34
chr10	20	22	28	28	32	34
chr11	20	22	28	28	32	34
chr12	20	22	28	28	32	34
chr13	20	22	28	28	32	34
chr14	20	22	28	28	32	34
chr15	20	22	28	28	32	34
chr16	20	22	28	28	32	34
chr17	20	22	28	28	32	34
chr18	20	22	28	28	32	34
chr19	20	22	28	28	32	34
chr20	20	22	28	28	32	33
chr21	20	22	28	28	32	34
chr22	20	22	28	28	32	34
chrX	20	22	28	28	32	34
chrY	20	22	28	28	32	34
